25
0000000000000000000000000
0011111111101011111111100
0101111111011101111111010
0110111111111111111110110
0111011111111111111101110
0111101011111111101011110
0111110111110111110111110
0111111011110111101011010
0111111101111111011011010
0111111110111110111111110
0111111111001001111100110
0111000111011101111100110
0111011111111111111111110
0111000111011101111100110
0111111111001001111100110
0111111110111110111111110
0111111101111111011011010
0111111011111111101011010
0111110111100011110111110
0111101111101011111011100
0111011111101011111101100
0110111111111111111110110
0101111111111111111111010
0011111111111111111111100
0000000000000000000000000
100.0 2.0 0.0 0.0 0.0 100.0
11.0 11.0
13.0 13.0
6
jezko
darkenor
snaker
stormman
amazhana
lady
2
basic_attack
laser
6
key
diamond
health
apple
shield
seven miles
