25
0000000000000000000000000
0000100000001000000010000
0001110000011100000111000
0011111000111110001111100
0111111101111111011111110
0011111010111110101111100
0001111111111111111111000
0000101111101011111010000
0000011111110111111100000
0000101111101011111010000
0001111111011111110111000
0011111010111110101111100
0111111101111111011111110
0011111010111110101111100
0001110111111111111111000
0000101111101011111010000
0000011111110111111100000
0000101111101011111010000
0001111111011111111111000
0011111010111110101111100
0111111101111111011111110
0011111000111110001111100
0001110000011100000111000
0000100000001000000010000
0000000000000000000000000
100.0 0.0 0.0 0.0 0.0 100.0
12.0 12.0
20.0 4.0
3
darkenor
jezko
bluen
3
basic_attack
laser
star_attack
3
key
health
apple
