20
00000000000000000000
00010011111110111110
00111011111110111110
01111111111111111110
00111011111110111110
00010011111110111110
01111100011000001000
01111101111110111110
01111101111110111110
01111111101111111110
01111111110111111110
01111101111110111110
01111101111110101010
00010000011000011100
01111101111110111110
01111101111101111110
01111111111111111110
01111101111101111110
01111101111110111110
00000000000000000000
100.0 2.0 0.0 0.0 0.0 100.0
3.0 16.0
16.0 3.0
4
white death
jezko
darkenor
acider
2
basic_attack
laser
3
key
apple
pill
