20
00000000000000000000
01110000000000000000
01110001100011000000
01111001000111100000
00011111001111110000
00001110011111111000
00001111011111111100
00111011101111111110
00100001111111111110
00000110111011111110
00001111011101111110
00011111101110111110
00111111110111011110
00111111111111101110
00011111111101110100
00001111111110111000
00000111111111011110
00000011111111101110
00000001111111001110
00000000000000000000
100.0 2.0 0.0 0.0 0.0 100.0
2.0 2.0
17.0 17.0
4
jezko
darkenor
lady
Murnag
2
basic_attack
star_attack
3
key
health
apple
