30
000000000000000000000000000000
011011111111111011111011111100
011011111111111011111011111100
011011000000000011011011011100
011011011111111111011011011100
011011011111111111011011011100
011011011000000000011011011100
011111011111011111011111011100
011111011111011111011111011100
011000000011000011000000011100
011111111011111011111011111100
011111111011111011111011111100
000000011000011011000011000000
011111111011111011111011111100
011111111011111011111011111100
011000000011011000011011011100
011111011111011011111011011100
011111011111011011111011011100
000011000000011000011011011100
011111111011111011111011011100
011111111011111011111011011100
000000011011011011000011000000
011111011111011011011111111100
011111011111011011011111111100
011011000000011011000000011100
011011111111111011111111111100
011011111111111011111111111100
011011111111111011111111111100
000000000000000000000000000000
000000000000000000000000000000
100.0 2.0 0.0 0.0 0.0 100.0
13.0 26.0
14.0 1.0
5
jezko
darkenor
amazhana
laserman
dark bride
3
basic_attack
laser
star_attack
5
key
apple
health
seven miles
shield
