20
00000000000000000000
01111111111111111110
01110100011111111110
01110111011111111110
00000111011111111110
01110111011111111110
01110000000001110000
01111111111101111110
00000000000101111110
01011111110101111110
01011001100101111110
01011111111100001110
01011111111011110110
01011001110111101110
01011111101111011110
01011111011110101110
01011110111101110110
01011111111111111110
01111111111111111110
00000000000000000000
100.0 3.0 0.0 0.0 0.0 100.0
2.0 2.0
2.0 6.0
2
jezko
fat
1
basic_attack
1
key
