25
0000000000000000000000000
0000000000001000000000000
0000000000011100000000000
0000000000111010000000000
0000000001110111000000000
0000000011110111100000000
0000000111101111110000000
0000001111101111111000000
0000011111011111111100000
0000111111011111111110000
0001111111001000011111000
0010111111011101100111100
0111001111111111111001110
0011110011011101111110100
0001111100001001111111000
0000111111111101111110000
0000011111111101111100000
0000001111111011111000000
0000000111111011110000000
0000000011110111100000000
0000000001110111000000000
0000000000101110000000000
0000000000011100000000000
0000000000001000000000000
0000000000000000000000000
100.0 2.0 0.0 0.0 0.0 100.0
11.0 11.0
13.0 13.0
4
fireman
greenie
darkenor
wise slave
2
basic_attack
star_attack
4
apple
key
speed
amulet
