20
00000000000000000000
01110111111111111110
01111111111111111110
01110111111111111110
00000000000110011110
00011110001111011110
00111111001111011100
01111111101111011110
00111111001111011110
00011110000000001110
01001100111111011110
01101110111111011110
01111110111111011110
00111100111011011110
01111110111011111110
00010111111011111110
01111111111011111110
01110111111011111110
01110111111011111110
00000000000000000000
100.0 2.0 0.0 0.0 0.0 100.0
2.0 2.0
2.0 17.0
3
jezko
darkenor
fat
1
basic_attack
2
key
apple
