20
00000000000000000000
01000000000111111110
01100000000111111110
01110000000111111110
01111000000111111110
01111100000111111110
01111110000111111110
01111111000111111110
01111111101111111110
01111111011100000000
01111110111000000000
01111101110100000000
01111011101110000000
01110111011111000000
01101110111111100000
01011101111111110000
01111011111111111000
01110111111111111100
01111111111111111110
00000000000000000000
100.0 2.0 0.0 0.0 0.0 100.0
2.0 17.0
18.0 1.0
5
jezko
darkenor
acider
cutie
deadly
2
basic_attack
laser
4
pill
shield
key
apple
