20
00000000000000000000
00000001111100011000
00011011111110111100
00111111111111111110
00111111111111111110
00011011111110111100
00000001111101011000
00011000011011101000
00111100011011101100
01111111111111111110
01111111111111111110
00111100011011101100
00011000011011101000
00000001111101011000
00011011111110111100
00111111111111111110
00111111111111111110
00011011111110111100
00000001111100011000
00000000000000000000
100.0 2.0 0.0 0.0 0.0 100.0
3.0 9.0
17.0 10.0
4
redeye
darkenor
jezko
greenie
1
basic_attack
3
apple
key
speed
